version https://git-lfs.github.com/spec/v1
oid sha256:54da10ca7f463f727713883f6a29cf38e527142cb7b51700c04028e8c6c5d534
size 116751
